195.738
231.076
184.018
140.16400000000002
138.05
127.946
127.54599999999999
161.306
175.196
128.29
140.91400000000002
152.586
150.855
145.80599999999998
152.394
155.381
139.899
140.528
151.033
168.90099999999998
183.954
162.213
158.257
152.15200000000002
152.114
151.614
159.032
160.53300000000002
164.23399999999998
158.167
224.427
213.995
206.77100000000002
156.86
220.20000000000002
218.37
160.69400000000002
225.739
158.54299999999998
177.791
221.81799999999998
229.52900000000002
228.156
226.457
238.033
225.012
232.548
232.58
223.364
257.779
9.332
9.023
9.123
8.645
9.207999999999998
8.74
9.216999999999999
13.798
13.593
9.458
9.817
9.908
9.294
9.594999999999999
9.917
9.778
9.979999999999999
10.112
9.846
9.775
11.988999999999999
10.103
10.048
10.992
10.215
10.094000000000001
10.106
10.116
10.392999999999999
10.187
11.152000000000001
10.946
10.364
10.538
14.133
11.124
13.141
10.62
10.689
10.48
11.133000000000001
11.592
15.748999999999999
11.205
12.759
11.167
11.212
12.013
11.809999999999999
12.773
214.796
206.84900000000002
191.90699999999998
322.591
191.052
217.161
207.289
210.457
220.388
206.50199999999998
234.869
218.015
206.013
205.21900000000002
211.71300000000002
310.473
230.322
219.822
222.495
218.477
260.108
237.267
422.865
394.534
208.36499999999998
237.163
431.14000000000004
266.608
283.25800000000004
244.73700000000002
314.739
336.601
284.36699999999996
439.23699999999997
251.38700000000003
282.84700000000004
251.00699999999998
270.852
458.05899999999997
435.542
242.226
444.005
270.57399999999996
239.922
261.878
266.13599999999997
241.47299999999998
251.641
251.114
241.835
143.967
185.79999999999998
162.644
146.93800000000002
181.88899999999998
162.02700000000002
196.736
140.174
162.02
167.697
194.809
162.11
178.976
153.56900000000002
211.60399999999998
171.797
158.537
174.291
166.49
165.875
177.453
162.395
197.926
166.50799999999998
192.137
168.02100000000002
175.119
187.733
179.834
161.892
194.33100000000002
192.56300000000002
254.99899999999997
184.915
195.963
189.29999999999998
192.757
175.02599999999998
183.335
234.025
202.389
227.61
202.59099999999998
199.102
188.973
188.95100000000002
201.363
187.621
446.38899999999995
452.716
